Epoch		Train-loss		Test-loss		learningRate		information
1		5233.3322		3815.3466		0.00100000		黄皓辰0524
2		3659.8957		3815.3466		0.00099820		黄皓辰0524
3		3612.7024		3815.3466		0.00099640		黄皓辰0524
4		3606.8022		3815.3466		0.00099460		黄皓辰0524
5		3546.0099		3475.2187		0.00099280		黄皓辰0524
6		3524.0854		3475.2187		0.00099100		黄皓辰0524
7		3500.0405		3475.2187		0.00098919		黄皓辰0524
8		3480.5468		3475.2187		0.00098739		黄皓辰0524
9		3382.2079		3475.2187		0.00098559		黄皓辰0524
10		3387.5757		3394.9485		0.00098379		黄皓辰0524
11		3354.3030		3394.9485		0.00098198		黄皓辰0524
12		3357.8829		3394.9485		0.00098018		黄皓辰0524
13		3243.9144		3394.9485		0.00097837		黄皓辰0524
14		3128.8508		3394.9485		0.00097657		黄皓辰0524
15		3108.6861		2971.2549		0.00097476		黄皓辰0524
16		3110.4646		2971.2549		0.00097296		黄皓辰0524
17		2999.7854		2971.2549		0.00097115		黄皓辰0524
18		2989.8382		2971.2549		0.00096935		黄皓辰0524
19		2962.0334		2971.2549		0.00096754		黄皓辰0524
20		2926.0455		2855.3498		0.00096573		黄皓辰0524
21		2930.3950		2855.3498		0.00096393		黄皓辰0524
22		2892.1644		2855.3498		0.00096212		黄皓辰0524
23		2892.8383		2855.3498		0.00096031		黄皓辰0524
24		2797.4131		2855.3498		0.00095850		黄皓辰0524
25		2795.5210		2817.6924		0.00095669		黄皓辰0524
26		2665.4867		2817.6924		0.00095489		黄皓辰0524
27		2679.7997		2817.6924		0.00095308		黄皓辰0524
28		2599.9535		2817.6924		0.00095127		黄皓辰0524
29		2527.2400		2817.6924		0.00094946		黄皓辰0524
30		2537.2623		3355.9685		0.00094765		黄皓辰0524
31		2469.5922		3355.9685		0.00094583		黄皓辰0524
32		2415.7078		3355.9685		0.00094402		黄皓辰0524
33		2390.8847		3355.9685		0.00094221		黄皓辰0524
34		2369.6930		3355.9685		0.00094040		黄皓辰0524
35		2318.1631		2316.9126		0.00093859		黄皓辰0524
36		2345.5317		2316.9126		0.00093677		黄皓辰0524
37		2231.4236		2316.9126		0.00093496		黄皓辰0524
38		2239.6912		2316.9126		0.00093315		黄皓辰0524
39		2209.0836		2316.9126		0.00093133		黄皓辰0524
40		2196.9318		2190.7202		0.00092952		黄皓辰0524
41		2147.2706		2190.7202		0.00092770		黄皓辰0524
42		2071.6115		2190.7202		0.00092589		黄皓辰0524
43		2072.0170		2190.7202		0.00092407		黄皓辰0524
44		2032.7794		2190.7202		0.00092226		黄皓辰0524
45		1953.5694		1913.6338		0.00092044		黄皓辰0524
46		1979.0890		1913.6338		0.00091862		黄皓辰0524
47		1893.4328		1913.6338		0.00091681		黄皓辰0524
48		1953.5209		1913.6338		0.00091499		黄皓辰0524
49		1919.9513		1913.6338		0.00091317		黄皓辰0524
50		1845.6208		1901.6392		0.00091135		黄皓辰0524
51		1829.7816		1901.6392		0.00090953		黄皓辰0524
52		1780.8655		1901.6392		0.00090771		黄皓辰0524
53		1755.1081		1901.6392		0.00090589		黄皓辰0524
54		1700.4464		1901.6392		0.00090407		黄皓辰0524
55		1730.8816		1599.8109		0.00090225		黄皓辰0524
56		1639.4233		1599.8109		0.00090043		黄皓辰0524
57		1639.8204		1599.8109		0.00089861		黄皓辰0524
58		1598.6296		1599.8109		0.00089679		黄皓辰0524
59		1572.4939		1599.8109		0.00089497		黄皓辰0524
60		1585.4522		1668.1714		0.00089314		黄皓辰0524
61		1613.2029		1668.1714		0.00089132		黄皓辰0524
62		1560.9020		1668.1714		0.00088950		黄皓辰0524
63		1502.5501		1668.1714		0.00088767		黄皓辰0524
64		1504.5459		1668.1714		0.00088585		黄皓辰0524
65		1489.5623		1501.1077		0.00088403		黄皓辰0524
66		1450.1029		1501.1077		0.00088220		黄皓辰0524
67		1383.9616		1501.1077		0.00088038		黄皓辰0524
68		1335.9948		1501.1077		0.00087855		黄皓辰0524
69		1329.8858		1501.1077		0.00087672		黄皓辰0524
70		1296.9641		1225.5489		0.00087490		黄皓辰0524
71		1258.2857		1225.5489		0.00087307		黄皓辰0524
72		1223.2118		1225.5489		0.00087124		黄皓辰0524
73		1257.3389		1225.5489		0.00086941		黄皓辰0524
74		1223.7045		1225.5489		0.00086759		黄皓辰0524
75		1213.8805		1132.0152		0.00086576		黄皓辰0524
76		1163.1272		1132.0152		0.00086393		黄皓辰0524
77		1143.4150		1132.0152		0.00086210		黄皓辰0524
78		1191.6928		1132.0152		0.00086027		黄皓辰0524
79		1092.4174		1132.0152		0.00085844		黄皓辰0524
80		1101.2082		1122.9643		0.00085661		黄皓辰0524
81		1053.0693		1122.9643		0.00085477		黄皓辰0524
82		1042.2848		1122.9643		0.00085294		黄皓辰0524
83		1043.1335		1122.9643		0.00085111		黄皓辰0524
84		1004.7783		1122.9643		0.00084928		黄皓辰0524
85		1016.1386		1085.5535		0.00084744		黄皓辰0524
86		996.6682		1085.5535		0.00084561		黄皓辰0524
87		957.5795		1085.5535		0.00084378		黄皓辰0524
88		913.5895		1085.5535		0.00084194		黄皓辰0524
89		923.8247		1085.5535		0.00084011		黄皓辰0524
90		942.0260		879.6254		0.00083827		黄皓辰0524
91		863.0623		879.6254		0.00083644		黄皓辰0524
92		898.3663		879.6254		0.00083460		黄皓辰0524
93		842.6276		879.6254		0.00083276		黄皓辰0524
94		860.3720		879.6254		0.00083093		黄皓辰0524
95		846.8608		795.2567		0.00082909		黄皓辰0524
96		809.1930		795.2567		0.00082725		黄皓辰0524
97		821.7721		795.2567		0.00082541		黄皓辰0524
98		751.9100		795.2567		0.00082357		黄皓辰0524
99		828.1491		795.2567		0.00082173		黄皓辰0524
100		772.8225		743.7215		0.00081989		黄皓辰0524
101		705.8861		743.7215		0.00081805		黄皓辰0524
102		687.9555		743.7215		0.00081621		黄皓辰0524
103		681.5043		743.7215		0.00081437		黄皓辰0524
104		667.5515		743.7215		0.00081253		黄皓辰0524
105		726.1546		792.0789		0.00081069		黄皓辰0524
106		704.9240		792.0789		0.00080884		黄皓辰0524
107		624.6433		792.0789		0.00080700		黄皓辰0524
108		610.2525		792.0789		0.00080516		黄皓辰0524
109		628.0090		792.0789		0.00080331		黄皓辰0524
110		584.5053		542.6755		0.00080147		黄皓辰0524
111		567.9218		542.6755		0.00079962		黄皓辰0524
112		575.0306		542.6755		0.00079778		黄皓辰0524
113		571.2935		542.6755		0.00079593		黄皓辰0524
114		524.4240		542.6755		0.00079408		黄皓辰0524
115		521.6927		514.9556		0.00079224		黄皓辰0524
116		578.5589		514.9556		0.00079039		黄皓辰0524
117		586.8551		514.9556		0.00078854		黄皓辰0524
118		519.8666		514.9556		0.00078669		黄皓辰0524
119		469.7443		514.9556		0.00078485		黄皓辰0524
120		484.6409		541.9050		0.00078300		黄皓辰0524
121		459.2042		541.9050		0.00078115		黄皓辰0524
122		440.9094		541.9050		0.00077930		黄皓辰0524
123		428.9449		541.9050		0.00077744		黄皓辰0524
124		449.0811		541.9050		0.00077559		黄皓辰0524
125		378.9065		449.9313		0.00077374		黄皓辰0524
126		364.4886		449.9313		0.00077189		黄皓辰0524
127		367.3851		449.9313		0.00077004		黄皓辰0524
128		374.9847		449.9313		0.00076818		黄皓辰0524
129		371.8901		449.9313		0.00076633		黄皓辰0524
130		367.5651		324.4007		0.00076448		黄皓辰0524
131		358.4673		324.4007		0.00076262		黄皓辰0524
132		321.1326		324.4007		0.00076077		黄皓辰0524
133		312.2284		324.4007		0.00075891		黄皓辰0524
134		334.1620		324.4007		0.00075705		黄皓辰0524
135		308.7056		405.2708		0.00075520		黄皓辰0524
136		293.6445		405.2708		0.00075334		黄皓辰0524
137		296.1825		405.2708		0.00075148		黄皓辰0524
138		288.6010		405.2708		0.00074962		黄皓辰0524
139		250.5405		405.2708		0.00074776		黄皓辰0524
140		236.8343		196.7520		0.00074590		黄皓辰0524
141		249.8304		196.7520		0.00074405		黄皓辰0524
142		223.6414		196.7520		0.00074218		黄皓辰0524
143		275.6687		196.7520		0.00074032		黄皓辰0524
144		232.3935		196.7520		0.00073846		黄皓辰0524
145		230.0132		200.6688		0.00073660		黄皓辰0524
146		214.1918		200.6688		0.00073474		黄皓辰0524
147		201.1480		200.6688		0.00073288		黄皓辰0524
148		233.2711		200.6688		0.00073101		黄皓辰0524
149		218.3273		200.6688		0.00072915		黄皓辰0524
150		189.8632		183.3951		0.00072728		黄皓辰0524
151		185.6357		183.3951		0.00072542		黄皓辰0524
152		169.4833		183.3951		0.00072355		黄皓辰0524
153		1090.3006		183.3951		0.00072169		黄皓辰0524
154		683.8812		183.3951		0.00071982		黄皓辰0524
155		267.8174		202.3574		0.00071795		黄皓辰0524
156		197.7714		202.3574		0.00071608		黄皓辰0524
157		180.5476		202.3574		0.00071422		黄皓辰0524
158		164.3348		202.3574		0.00071235		黄皓辰0524
159		151.6112		202.3574		0.00071048		黄皓辰0524
160		132.1675		130.9818		0.00070861		黄皓辰0524
161		121.5058		130.9818		0.00070674		黄皓辰0524
162		119.2119		130.9818		0.00070487		黄皓辰0524
163		121.1491		130.9818		0.00070299		黄皓辰0524
164		132.9162		130.9818		0.00070112		黄皓辰0524
165		108.3899		141.3973		0.00069925		黄皓辰0524
166		99.6788		141.3973		0.00069738		黄皓辰0524
167		104.5813		141.3973		0.00069550		黄皓辰0524
168		93.7160		141.3973		0.00069363		黄皓辰0524
169		90.2754		141.3973		0.00069175		黄皓辰0524
170		124.8801		151.8169		0.00068988		黄皓辰0524
171		117.4295		151.8169		0.00068800		黄皓辰0524
172		82.6521		151.8169		0.00068613		黄皓辰0524
173		96.6543		151.8169		0.00068425		黄皓辰0524
174		82.4013		151.8169		0.00068237		黄皓辰0524
175		80.4927		115.0587		0.00068049		黄皓辰0524
176		78.9685		115.0587		0.00067861		黄皓辰0524
177		94.8925		115.0587		0.00067673		黄皓辰0524
178		88.4109		115.0587		0.00067485		黄皓辰0524
179		83.2491		115.0587		0.00067297		黄皓辰0524
180		75.1640		54.0343		0.00067109		黄皓辰0524
181		78.5329		54.0343		0.00066921		黄皓辰0524
182		80.0592		54.0343		0.00066733		黄皓辰0524
183		77.9115		54.0343		0.00066544		黄皓辰0524
184		69.1731		54.0343		0.00066356		黄皓辰0524
185		70.2326		72.7949		0.00066168		黄皓辰0524
186		71.4383		72.7949		0.00065979		黄皓辰0524
187		73.7045		72.7949		0.00065791		黄皓辰0524
188		54.4748		72.7949		0.00065602		黄皓辰0524
189		46.5619		72.7949		0.00065413		黄皓辰0524
190		45.6217		54.2826		0.00065225		黄皓辰0524
191		57.0189		54.2826		0.00065036		黄皓辰0524
192		86.5263		54.2826		0.00064847		黄皓辰0524
193		51.9830		54.2826		0.00064658		黄皓辰0524
194		45.6444		54.2826		0.00064469		黄皓辰0524
195		33.8487		23.4367		0.00064280		黄皓辰0524
196		37.9897		23.4367		0.00064091		黄皓辰0524
197		61.2359		23.4367		0.00063902		黄皓辰0524
198		35.7089		23.4367		0.00063713		黄皓辰0524
199		33.4143		23.4367		0.00063523		黄皓辰0524
200		59.5566		53.1363		0.00063334		黄皓辰0524
201		63.6432		53.1363		0.00063145		黄皓辰0524
202		38.6667		53.1363		0.00062955		黄皓辰0524
203		36.9435		53.1363		0.00062766		黄皓辰0524
204		49.7997		53.1363		0.00062576		黄皓辰0524
205		49.0258		33.3112		0.00062386		黄皓辰0524
206		59.5519		33.3112		0.00062197		黄皓辰0524
207		29.3122		33.3112		0.00062007		黄皓辰0524
208		36.5998		33.3112		0.00061817		黄皓辰0524
209		27.7857		33.3112		0.00061627		黄皓辰0524
210		27.0900		37.6767		0.00061437		黄皓辰0524
211		19.6968		37.6767		0.00061247		黄皓辰0524
212		24.6981		37.6767		0.00061057		黄皓辰0524
213		22.1456		37.6767		0.00060867		黄皓辰0524
214		31.4783		37.6767		0.00060677		黄皓辰0524
215		37.7190		37.8784		0.00060486		黄皓辰0524
216		36.4420		37.8784		0.00060296		黄皓辰0524
217		30.5146		37.8784		0.00060105		黄皓辰0524
218		45.1669		37.8784		0.00059915		黄皓辰0524
219		21.8856		37.8784		0.00059724		黄皓辰0524
220		15.4812		12.3229		0.00059534		黄皓辰0524
221		22.0521		12.3229		0.00059343		黄皓辰0524
222		22.1833		12.3229		0.00059152		黄皓辰0524
223		21.9580		12.3229		0.00058961		黄皓辰0524
224		18.2384		12.3229		0.00058770		黄皓辰0524
225		15.5421		68.6096		0.00058579		黄皓辰0524
226		35.6839		68.6096		0.00058388		黄皓辰0524
227		35.0824		68.6096		0.00058197		黄皓辰0524
228		19.3958		68.6096		0.00058006		黄皓辰0524
229		19.7123		68.6096		0.00057815		黄皓辰0524
230		25.1451		8.9706		0.00057623		黄皓辰0524
231		21.1130		8.9706		0.00057432		黄皓辰0524
232		13.0912		8.9706		0.00057241		黄皓辰0524
233		16.7461		8.9706		0.00057049		黄皓辰0524
234		17.3731		8.9706		0.00056857		黄皓辰0524
235		22.6570		27.2365		0.00056666		黄皓辰0524
236		16.7985		27.2365		0.00056474		黄皓辰0524
237		17.6726		27.2365		0.00056282		黄皓辰0524
238		40.8024		27.2365		0.00056090		黄皓辰0524
239		42.4341		27.2365		0.00055898		黄皓辰0524
240		22.5542		11.2847		0.00055706		黄皓辰0524
241		14.2068		11.2847		0.00055514		黄皓辰0524
242		16.2916		11.2847		0.00055322		黄皓辰0524
243		18.7075		11.2847		0.00055130		黄皓辰0524
244		13.2948		11.2847		0.00054937		黄皓辰0524
245		13.5680		7.3284		0.00054745		黄皓辰0524
246		23.6145		7.3284		0.00054552		黄皓辰0524
247		17.2542		7.3284		0.00054360		黄皓辰0524
248		14.3474		7.3284		0.00054167		黄皓辰0524
249		11.4724		7.3284		0.00053974		黄皓辰0524
250		19.5958		29.0865		0.00053782		黄皓辰0524
251		13.2872		29.0865		0.00053589		黄皓辰0524
252		37.0681		29.0865		0.00053396		黄皓辰0524
253		11.1118		29.0865		0.00053203		黄皓辰0524
254		14.0871		29.0865		0.00053010		黄皓辰0524
255		11.0338		8.1062		0.00052816		黄皓辰0524
256		10.9796		8.1062		0.00052623		黄皓辰0524
257		13.0843		8.1062		0.00052430		黄皓辰0524
258		21.7740		8.1062		0.00052236		黄皓辰0524
259		22.0139		8.1062		0.00052043		黄皓辰0524
260		10.0321		12.3243		0.00051849		黄皓辰0524
261		18.8480		12.3243		0.00051656		黄皓辰0524
262		22.9809		12.3243		0.00051462		黄皓辰0524
263		9.6022		12.3243		0.00051268		黄皓辰0524
264		14.8807		12.3243		0.00051074		黄皓辰0524
265		13.7302		11.2213		0.00050880		黄皓辰0524
266		9.0240		11.2213		0.00050686		黄皓辰0524
267		10.5553		11.2213		0.00050492		黄皓辰0524
268		12.8229		11.2213		0.00050298		黄皓辰0524
269		17.1201		11.2213		0.00050103		黄皓辰0524
270		15.2799		14.2001		0.00049909		黄皓辰0524
271		9.0276		14.2001		0.00049714		黄皓辰0524
272		7.9212		14.2001		0.00049520		黄皓辰0524
273		11.5397		14.2001		0.00049325		黄皓辰0524
274		17.6192		14.2001		0.00049130		黄皓辰0524
275		18.9832		24.1982		0.00048936		黄皓辰0524
276		11.1795		24.1982		0.00048741		黄皓辰0524
277		12.0983		24.1982		0.00048546		黄皓辰0524
278		7.1210		24.1982		0.00048351		黄皓辰0524
279		9.0071		24.1982		0.00048155		黄皓辰0524
280		11.1438		5.3398		0.00047960		黄皓辰0524
281		9.8869		5.3398		0.00047765		黄皓辰0524
282		14.8342		5.3398		0.00047569		黄皓辰0524
283		9.7682		5.3398		0.00047374		黄皓辰0524
284		11.5090		5.3398		0.00047178		黄皓辰0524
285		12.9277		12.7777		0.00046982		黄皓辰0524
286		14.8394		12.7777		0.00046787		黄皓辰0524
287		13.5135		12.7777		0.00046591		黄皓辰0524
288		11.5911		12.7777		0.00046395		黄皓辰0524
289		16.1191		12.7777		0.00046199		黄皓辰0524
290		11.2151		11.9801		0.00046002		黄皓辰0524
291		7.1541		11.9801		0.00045806		黄皓辰0524
292		7.9558		11.9801		0.00045610		黄皓辰0524
293		14.9583		11.9801		0.00045413		黄皓辰0524
294		14.0992		11.9801		0.00045217		黄皓辰0524
295		10.1691		4.0239		0.00045020		黄皓辰0524
296		9.5150		4.0239		0.00044823		黄皓辰0524
297		8.2891		4.0239		0.00044627		黄皓辰0524
298		6.0406		4.0239		0.00044430		黄皓辰0524
299		9.2593		4.0239		0.00044233		黄皓辰0524
300		6.0202		16.6633		0.00044036		黄皓辰0524
301		17.6408		16.6633		0.00043838		黄皓辰0524
302		22.7710		16.6633		0.00043641		黄皓辰0524
303		11.2713		16.6633		0.00043444		黄皓辰0524
304		9.6573		16.6633		0.00043246		黄皓辰0524
305		5.6047		2.7519		0.00043048		黄皓辰0524
306		4.7135		2.7519		0.00042851		黄皓辰0524
307		8.9962		2.7519		0.00042653		黄皓辰0524
308		9.6609		2.7519		0.00042455		黄皓辰0524
309		14.3970		2.7519		0.00042257		黄皓辰0524
310		9.6657		8.5205		0.00042059		黄皓辰0524
311		8.2404		8.5205		0.00041861		黄皓辰0524
312		5.6025		8.5205		0.00041662		黄皓辰0524
313		5.8559		8.5205		0.00041464		黄皓辰0524
314		5.8284		8.5205		0.00041265		黄皓辰0524
315		7.4273		11.9044		0.00041067		黄皓辰0524
316		8.3094		11.9044		0.00040868		黄皓辰0524
317		6.1904		11.9044		0.00040669		黄皓辰0524
318		7.0215		11.9044		0.00040470		黄皓辰0524
319		4.9976		11.9044		0.00040271		黄皓辰0524
320		7.9132		6.1541		0.00040072		黄皓辰0524
321		8.5907		6.1541		0.00039872		黄皓辰0524
322		6.1188		6.1541		0.00039673		黄皓辰0524
323		7.0501		6.1541		0.00039473		黄皓辰0524
324		6.4051		6.1541		0.00039274		黄皓辰0524
325		7.7482		13.8810		0.00039074		黄皓辰0524
326		11.0079		13.8810		0.00038874		黄皓辰0524
327		8.2260		13.8810		0.00038674		黄皓辰0524
328		5.5055		13.8810		0.00038474		黄皓辰0524
329		5.1652		13.8810		0.00038274		黄皓辰0524
330		8.4436		5.9091		0.00038074		黄皓辰0524
331		15.5248		5.9091		0.00037873		黄皓辰0524
332		10.8205		5.9091		0.00037673		黄皓辰0524
333		5.1655		5.9091		0.00037472		黄皓辰0524
334		6.4240		5.9091		0.00037271		黄皓辰0524
335		10.5015		24.2835		0.00037070		黄皓辰0524
336		6.1145		24.2835		0.00036869		黄皓辰0524
337		4.0930		24.2835		0.00036668		黄皓辰0524
338		4.1109		24.2835		0.00036467		黄皓辰0524
339		4.3867		24.2835		0.00036265		黄皓辰0524
340		5.3903		2.5322		0.00036064		黄皓辰0524
341		4.9724		2.5322		0.00035862		黄皓辰0524
342		4.4120		2.5322		0.00035660		黄皓辰0524
343		11.1613		2.5322		0.00035458		黄皓辰0524
344		6.1081		2.5322		0.00035256		黄皓辰0524
345		5.8283		7.3255		0.00035054		黄皓辰0524
346		5.1257		7.3255		0.00034852		黄皓辰0524
347		4.6952		7.3255		0.00034649		黄皓辰0524
348		3.6183		7.3255		0.00034447		黄皓辰0524
349		8.1200		7.3255		0.00034244		黄皓辰0524
350		6.6728		10.1921		0.00034041		黄皓辰0524
351		6.5469		10.1921		0.00033838		黄皓辰0524
352		7.0370		10.1921		0.00033635		黄皓辰0524
353		12.8401		10.1921		0.00033432		黄皓辰0524
354		6.7503		10.1921		0.00033229		黄皓辰0524
355		6.1707		5.9255		0.00033025		黄皓辰0524
356		6.6336		5.9255		0.00032821		黄皓辰0524
357		3.6334		5.9255		0.00032618		黄皓辰0524
358		3.1672		5.9255		0.00032414		黄皓辰0524
359		3.3211		5.9255		0.00032210		黄皓辰0524
360		2.6461		3.4111		0.00032005		黄皓辰0524
361		2.5017		3.4111		0.00031801		黄皓辰0524
362		2.9614		3.4111		0.00031597		黄皓辰0524
363		4.2537		3.4111		0.00031392		黄皓辰0524
364		4.8412		3.4111		0.00031187		黄皓辰0524
365		6.1353		9.5907		0.00030982		黄皓辰0524
366		10.1004		9.5907		0.00030777		黄皓辰0524
367		9.8729		9.5907		0.00030572		黄皓辰0524
368		5.1184		9.5907		0.00030366		黄皓辰0524
369		3.7629		9.5907		0.00030161		黄皓辰0524
370		3.2374		4.9324		0.00029955		黄皓辰0524
371		1.9382		4.9324		0.00029749		黄皓辰0524
372		2.5962		4.9324		0.00029543		黄皓辰0524
373		3.1375		4.9324		0.00029337		黄皓辰0524
374		3.8002		4.9324		0.00029131		黄皓辰0524
375		3.5215		3.2926		0.00028924		黄皓辰0524
376		3.6535		3.2926		0.00028717		黄皓辰0524
377		4.0883		3.2926		0.00028511		黄皓辰0524
378		6.5760		3.2926		0.00028304		黄皓辰0524
379		9.2869		3.2926		0.00028096		黄皓辰0524
380		3.9607		5.7815		0.00027889		黄皓辰0524
381		4.3631		5.7815		0.00027682		黄皓辰0524
382		4.2963		5.7815		0.00027474		黄皓辰0524
383		2.6880		5.7815		0.00027266		黄皓辰0524
384		2.7779		5.7815		0.00027058		黄皓辰0524
385		3.8488		2.7237		0.00026850		黄皓辰0524
386		2.4785		2.7237		0.00026641		黄皓辰0524
387		2.1026		2.7237		0.00026433		黄皓辰0524
388		2.4015		2.7237		0.00026224		黄皓辰0524
389		3.1011		2.7237		0.00026015		黄皓辰0524
390		3.3941		1.5310		0.00025806		黄皓辰0524
391		3.3933		1.5310		0.00025596		黄皓辰0524
392		1.9270		1.5310		0.00025387		黄皓辰0524
393		3.0332		1.5310		0.00025177		黄皓辰0524
394		3.2047		1.5310		0.00024967		黄皓辰0524
395		4.7338		5.9258		0.00024757		黄皓辰0524
396		2.6215		5.9258		0.00024547		黄皓辰0524
397		2.7842		5.9258		0.00024336		黄皓辰0524
398		1.7178		5.9258		0.00024126		黄皓辰0524
399		2.2496		5.9258		0.00023915		黄皓辰0524
400		4.0680		8.4223		0.00023704		黄皓辰0524
401		2.8211		8.4223		0.00023492		黄皓辰0524
402		3.7355		8.4223		0.00023281		黄皓辰0524
403		1.6932		8.4223		0.00023069		黄皓辰0524
404		2.5409		8.4223		0.00022857		黄皓辰0524
405		3.6106		2.0737		0.00022645		黄皓辰0524
406		1.6644		2.0737		0.00022433		黄皓辰0524
407		2.1209		2.0737		0.00022220		黄皓辰0524
408		2.0383		2.0737		0.00022007		黄皓辰0524
409		2.6853		2.0737		0.00021794		黄皓辰0524
410		7.3590		3.2402		0.00021581		黄皓辰0524
411		3.3266		3.2402		0.00021367		黄皓辰0524
412		2.5429		3.2402		0.00021153		黄皓辰0524
413		1.9355		3.2402		0.00020939		黄皓辰0524
414		1.9689		3.2402		0.00020725		黄皓辰0524
415		3.0467		16.5374		0.00020510		黄皓辰0524
416		2.6833		16.5374		0.00020296		黄皓辰0524
417		2.1498		16.5374		0.00020081		黄皓辰0524
418		2.5382		16.5374		0.00019865		黄皓辰0524
419		2.5220		16.5374		0.00019650		黄皓辰0524
420		2.8957		4.6081		0.00019434		黄皓辰0524
421		2.3165		4.6081		0.00019218		黄皓辰0524
422		1.6678		4.6081		0.00019002		黄皓辰0524
423		2.6942		4.6081		0.00018785		黄皓辰0524
424		1.4141		4.6081		0.00018568		黄皓辰0524
425		1.6004		1.7729		0.00018351		黄皓辰0524
426		3.4924		1.7729		0.00018134		黄皓辰0524
427		1.9662		1.7729		0.00017916		黄皓辰0524
428		1.6279		1.7729		0.00017698		黄皓辰0524
429		1.2313		1.7729		0.00017479		黄皓辰0524
430		0.8900		1.1530		0.00017261		黄皓辰0524
431		0.9616		1.1530		0.00017042		黄皓辰0524
432		1.3112		1.1530		0.00016823		黄皓辰0524
433		1.9147		1.1530		0.00016603		黄皓辰0524
434		0.9189		1.1530		0.00016383		黄皓辰0524
435		0.8412		1.9891		0.00016163		黄皓辰0524
436		1.1298		1.9891		0.00015942		黄皓辰0524
437		0.8165		1.9891		0.00015721		黄皓辰0524
438		0.7414		1.9891		0.00015500		黄皓辰0524
439		0.7333		1.9891		0.00015278		黄皓辰0524
440		1.0528		1.5656		0.00015056		黄皓辰0524
441		0.8397		1.5656		0.00014834		黄皓辰0524
442		1.1396		1.5656		0.00014611		黄皓辰0524
443		2.0610		1.5656		0.00014388		黄皓辰0524
444		1.4966		1.5656		0.00014165		黄皓辰0524
445		0.9172		0.9254		0.00013941		黄皓辰0524
446		1.5431		0.9254		0.00013717		黄皓辰0524
447		1.6190		0.9254		0.00013492		黄皓辰0524
448		1.5942		0.9254		0.00013267		黄皓辰0524
449		0.8287		0.9254		0.00013042		黄皓辰0524
450		0.7366		0.7465		0.00012816		黄皓辰0524
451		0.7997		0.7465		0.00012589		黄皓辰0524
452		0.8939		0.7465		0.00012362		黄皓辰0524
453		1.3014		0.7465		0.00012135		黄皓辰0524
454		0.8714		0.7465		0.00011907		黄皓辰0524
455		0.8517		0.7847		0.00011679		黄皓辰0524
456		0.6047		0.7847		0.00011450		黄皓辰0524
457		0.6767		0.7847		0.00011221		黄皓辰0524
458		0.6987		0.7847		0.00010991		黄皓辰0524
459		1.0473		0.7847		0.00010761		黄皓辰0524
460		0.6262		0.6213		0.00010530		黄皓辰0524
461		0.7187		0.6213		0.00010299		黄皓辰0524
462		0.7745		0.6213		0.00010067		黄皓辰0524
463		0.9827		0.6213		0.00009834		黄皓辰0524
464		1.0312		0.6213		0.00009601		黄皓辰0524
465		0.8801		1.3493		0.00009367		黄皓辰0524
466		0.5463		1.3493		0.00009132		黄皓辰0524
467		0.6021		1.3493		0.00008897		黄皓辰0524
468		0.5853		1.3493		0.00008661		黄皓辰0524
469		0.5222		1.3493		0.00008425		黄皓辰0524
470		0.5038		0.9235		0.00008188		黄皓辰0524
471		0.5143		0.9235		0.00007949		黄皓辰0524
472		0.3895		0.9235		0.00007711		黄皓辰0524
473		0.3796		0.9235		0.00007471		黄皓辰0524
474		0.3590		0.9235		0.00007230		黄皓辰0524
475		0.4763		0.5665		0.00006989		黄皓辰0524
476		0.3708		0.5665		0.00006746		黄皓辰0524
477		0.3420		0.5665		0.00006503		黄皓辰0524
478		0.3193		0.5665		0.00006259		黄皓辰0524
479		0.5121		0.5665		0.00006013		黄皓辰0524
480		0.2810		0.4851		0.00005767		黄皓辰0524
481		0.3497		0.4851		0.00005519		黄皓辰0524
482		0.2663		0.4851		0.00005270		黄皓辰0524
483		0.2663		0.4851		0.00005020		黄皓辰0524
484		0.3199		0.4851		0.00004768		黄皓辰0524
485		0.3138		0.5696		0.00004515		黄皓辰0524
486		0.3591		0.5696		0.00004260		黄皓辰0524
487		0.2911		0.5696		0.00004004		黄皓辰0524
488		0.2466		0.5696		0.00003745		黄皓辰0524
489		0.2418		0.5696		0.00003485		黄皓辰0524
490		0.2775		0.3769		0.00003222		黄皓辰0524
491		0.1893		0.3769		0.00002958		黄皓辰0524
492		0.1964		0.3769		0.00002690		黄皓辰0524
493		0.2282		0.3769		0.00002419		黄皓辰0524
494		0.1719		0.3769		0.00002145		黄皓辰0524
495		0.1583		0.4656		0.00001868		黄皓辰0524
496		0.1604		0.4656		0.00001585		黄皓辰0524
497		0.1724		0.4656		0.00001297		黄皓辰0524
498		0.1271		0.4656		0.00001001		黄皓辰0524
499		0.1087		0.4656		0.00000695		黄皓辰0524
500		0.1147		0.3541		0.00000372		黄皓辰05241		5974.3133		4036.5845		0.00100000		黄皓辰0524
2		3771.3032		4036.5845		0.00099820		黄皓辰0524
3		3675.2015		4036.5845		0.00099640		黄皓辰0524
4		3616.1809		4036.5845		0.00099460		黄皓辰0524
5		3539.8320		3638.2818		0.00099280		黄皓辰0524
6		3516.5920		3638.2818		0.00099100		黄皓辰0524
7		3473.1311		3638.2818		0.00098919		黄皓辰0524
8		3433.0761		3638.2818		0.00098739		黄皓辰0524
9		3381.9124		3638.2818		0.00098559		黄皓辰0524
10		3383.3741		3305.2702		0.00098379		黄皓辰0524
11		3371.1659		3305.2702		0.00098198		黄皓辰0524
12		3340.2225		3305.2702		0.00098018		黄皓辰0524
13		3193.2234		3305.2702		0.00097837		黄皓辰0524
14		3139.7768		3305.2702		0.00097657		黄皓辰0524
15		3097.8672		3060.3594		0.00097476		黄皓辰0524
16		3065.6208		3060.3594		0.00097296		黄皓辰0524
17		3047.0855		3060.3594		0.00097115		黄皓辰0524
18		2977.7792		3060.3594		0.00096935		黄皓辰0524
19		2911.7967		3060.3594		0.00096754		黄皓辰0524
20		3035.2259		2848.4011		0.00096573		黄皓辰0524
21		2890.9156		2848.4011		0.00096393		黄皓辰0524
22		2810.6851		2848.4011		0.00096212		黄皓辰0524
23		2762.6303		2848.4011		0.00096031		黄皓辰0524
24		2751.9927		2848.4011		0.00095850		黄皓辰0524
25		2748.2022		2831.6876		0.00095669		黄皓辰0524
26		2661.2588		2831.6876		0.00095489		黄皓辰0524
27		2658.1982		2831.6876		0.00095308		黄皓辰0524
28		2593.1131		2831.6876		0.00095127		黄皓辰0524
29		2573.5904		2831.6876		0.00094946		黄皓辰0524
30		2523.4916		2361.3093		0.00094765		黄皓辰0524
31		2459.7340		2361.3093		0.00094583		黄皓辰0524
32		2435.7141		2361.3093		0.00094402		黄皓辰0524
33		2421.4901		2361.3093		0.00094221		黄皓辰0524
34		2381.3853		2361.3093		0.00094040		黄皓辰0524
35		2281.7735		2292.9250		0.00093859		黄皓辰0524
36		2220.9595		2292.9250		0.00093677		黄皓辰0524
37		2248.3280		2292.9250		0.00093496		黄皓辰0524
38		2196.3243		2292.9250		0.00093315		黄皓辰0524
39		2122.7511		2292.9250		0.00093133		黄皓辰0524
40		2145.1065		2187.8546		0.00092952		黄皓辰0524
41		2205.6436		2187.8546		0.00092770		黄皓辰0524
42		2074.9889		2187.8546		0.00092589		黄皓辰0524
43		2039.4891		2187.8546		0.00092407		黄皓辰0524
44		2013.3652		2187.8546		0.00092226		黄皓辰0524
45		1993.5390		2385.5325		0.00092044		黄皓辰0524
46		2004.6838		2385.5325		0.00091862		黄皓辰0524
47		1907.4578		2385.5325		0.00091681		黄皓辰0524
48		1876.1652		2385.5325		0.00091499		黄皓辰0524
49		1850.1599		2385.5325		0.00091317		黄皓辰0524
50		1815.4515		1844.0059		0.00091135		黄皓辰0524
51		1764.2911		1844.0059		0.00090953		黄皓辰0524
52		1757.7843		1844.0059		0.00090771		黄皓辰0524
53		1773.1985		1844.0059		0.00090589		黄皓辰0524
54		1685.5673		1844.0059		0.00090407		黄皓辰0524
55		1673.2202		1765.9363		0.00090225		黄皓辰0524
56		1638.1399		1765.9363		0.00090043		黄皓辰0524
57		1648.2130		1765.9363		0.00089861		黄皓辰0524
58		1595.2953		1765.9363		0.00089679		黄皓辰0524
59		1560.7317		1765.9363		0.00089497		黄皓辰0524
60		1503.8012		1485.6784		0.00089314		黄皓辰0524
61		1550.6541		1485.6784		0.00089132		黄皓辰0524
62		1501.3602		1485.6784		0.00088950		黄皓辰0524
63		1455.8711		1485.6784		0.00088767		黄皓辰0524
64		1482.0484		1485.6784		0.00088585		黄皓辰0524
65		1495.9726		1953.0476		0.00088403		黄皓辰0524
66		1509.5238		1953.0476		0.00088220		黄皓辰0524
67		1348.3881		1953.0476		0.00088038		黄皓辰0524
68		1349.3503		1953.0476		0.00087855		黄皓辰0524
69		1295.8104		1953.0476		0.00087672		黄皓辰0524
70		1289.8799		1235.2697		0.00087490		黄皓辰0524
71		1288.5861		1235.2697		0.00087307		黄皓辰0524
72		1243.1479		1235.2697		0.00087124		黄皓辰0524
73		1237.6413		1235.2697		0.00086941		黄皓辰0524
74		1199.7637		1235.2697		0.00086759		黄皓辰0524
75		1224.7102		1319.2875		0.00086576		黄皓辰0524
76		1149.4983		1319.2875		0.00086393		黄皓辰0524
77		1127.4976		1319.2875		0.00086210		黄皓辰0524
78		1080.9160		1319.2875		0.00086027		黄皓辰0524
79		1064.1088		1319.2875		0.00085844		黄皓辰0524
80		1083.7769		1020.3324		0.00085661		黄皓辰0524
81		1025.7066		1020.3324		0.00085477		黄皓辰0524
82		1053.8765		1020.3324		0.00085294		黄皓辰0524
83		1034.8240		1020.3324		0.00085111		黄皓辰0524
84		988.6959		1020.3324		0.00084928		黄皓辰0524
85		1031.9212		1012.2622		0.00084744		黄皓辰0524
86		939.9624		1012.2622		0.00084561		黄皓辰0524
87		912.4189		1012.2622		0.00084378		黄皓辰0524
88		955.2140		1012.2622		0.00084194		黄皓辰0524
89		883.0320		1012.2622		0.00084011		黄皓辰0524
90		883.0189		753.8321		0.00083827		黄皓辰0524
91		848.6174		753.8321		0.00083644		黄皓辰0524
92		866.1145		753.8321		0.00083460		黄皓辰0524
93		899.9731		753.8321		0.00083276		黄皓辰0524
94		902.9981		753.8321		0.00083093		黄皓辰0524
95		784.4759		833.8435		0.00082909		黄皓辰0524
96		792.5136		833.8435		0.00082725		黄皓辰0524
97		786.2822		833.8435		0.00082541		黄皓辰0524
98		752.4442		833.8435		0.00082357		黄皓辰0524
99		781.7968		833.8435		0.00082173		黄皓辰0524
100		714.5449		651.1044		0.00081989		黄皓辰0524
101		732.8355		651.1044		0.00081805		黄皓辰0524
102		698.6372		651.1044		0.00081621		黄皓辰0524
103		700.7896		651.1044		0.00081437		黄皓辰0524
104		657.1357		651.1044		0.00081253		黄皓辰0524
105		674.2561		616.6091		0.00081069		黄皓辰0524
106		607.9374		616.6091		0.00080884		黄皓辰0524
107		587.7904		616.6091		0.00080700		黄皓辰0524
108		606.5902		616.6091		0.00080516		黄皓辰0524
109		616.3422		616.6091		0.00080331		黄皓辰0524
110		673.8879		833.2465		0.00080147		黄皓辰0524
111		561.0645		833.2465		0.00079962		黄皓辰0524
112		541.1218		833.2465		0.00079778		黄皓辰0524
113		541.3712		833.2465		0.00079593		黄皓辰0524
114		519.3861		833.2465		0.00079408		黄皓辰0524
115		537.1612		546.0167		0.00079224		黄皓辰0524
116		540.4384		546.0167		0.00079039		黄皓辰0524
117		499.4272		546.0167		0.00078854		黄皓辰0524
118		634.8288		546.0167		0.00078669		黄皓辰0524
119		486.3563		546.0167		0.00078485		黄皓辰0524
120		474.2174		459.0267		0.00078300		黄皓辰0524
121		420.7764		459.0267		0.00078115		黄皓辰0524
122		431.0200		459.0267		0.00077930		黄皓辰0524
123		426.4860		459.0267		0.00077744		黄皓辰0524
124		426.3125		459.0267		0.00077559		黄皓辰0524
125		396.1411		428.2803		0.00077374		黄皓辰0524
126		398.2929		428.2803		0.00077189		黄皓辰0524
127		372.9786		428.2803		0.00077004		黄皓辰0524
128		344.7467		428.2803		0.00076818		黄皓辰0524
129		384.3601		428.2803		0.00076633		黄皓辰0524
130		353.9690		369.0370		0.00076448		黄皓辰0524
131		319.7251		369.0370		0.00076262		黄皓辰0524
132		339.2242		369.0370		0.00076077		黄皓辰0524
133		309.0223		369.0370		0.00075891		黄皓辰0524
134		302.3983		369.0370		0.00075705		黄皓辰0524
135		280.9316		253.1483		0.00075520		黄皓辰0524
136		312.3838		253.1483		0.00075334		黄皓辰0524
137		273.9633		253.1483		0.00075148		黄皓辰0524
138		264.7447		253.1483		0.00074962		黄皓辰0524
139		261.5955		253.1483		0.00074776		黄皓辰0524
140		251.9978		210.3956		0.00074590		黄皓辰0524
141		255.7810		210.3956		0.00074405		黄皓辰0524
142		232.1820		210.3956		0.00074218		黄皓辰0524
143		253.1441		210.3956		0.00074032		黄皓辰0524
144		287.3569		210.3956		0.00073846		黄皓辰0524
145		279.3887		349.5384		0.00073660		黄皓辰0524
146		242.8460		349.5384		0.00073474		黄皓辰0524
147		183.9338		349.5384		0.00073288		黄皓辰0524
148		210.0145		349.5384		0.00073101		黄皓辰0524
149		188.6597		349.5384		0.00072915		黄皓辰0524
150		182.7893		438.2893		0.00072728		黄皓辰0524
151		172.7703		438.2893		0.00072542		黄皓辰0524
152		149.6571		438.2893		0.00072355		黄皓辰0524
153		169.8253		438.2893		0.00072169		黄皓辰0524
154		161.4704		438.2893		0.00071982		黄皓辰0524
155		185.4748		131.9317		0.00071795		黄皓辰0524
156		139.8419		131.9317		0.00071608		黄皓辰0524
157		152.9590		131.9317		0.00071422		黄皓辰0524
158		168.6802		131.9317		0.00071235		黄皓辰0524
159		186.6050		131.9317		0.00071048		黄皓辰0524
160		210.1978		133.3087		0.00070861		黄皓辰0524
161		170.5614		133.3087		0.00070674		黄皓辰0524
162		145.3486		133.3087		0.00070487		黄皓辰0524
163		117.1874		133.3087		0.00070299		黄皓辰0524
164		129.9842		133.3087		0.00070112		黄皓辰0524
165		125.8554		135.0779		0.00069925		黄皓辰0524
166		103.8505		135.0779		0.00069738		黄皓辰0524
167		116.1906		135.0779		0.00069550		黄皓辰0524
168		107.6832		135.0779		0.00069363		黄皓辰0524
169		125.7814		135.0779		0.00069175		黄皓辰0524
170		94.9973		75.5850		0.00068988		黄皓辰0524
171		83.2984		75.5850		0.00068800		黄皓辰0524
172		100.1640		75.5850		0.00068613		黄皓辰0524
173		96.1482		75.5850		0.00068425		黄皓辰0524
174		91.9979		75.5850		0.00068237		黄皓辰0524
175		77.7416		70.0784		0.00068049		黄皓辰0524
176		86.2463		70.0784		0.00067861		黄皓辰0524
177		202.4118		70.0784		0.00067673		黄皓辰0524
178		104.7943		70.0784		0.00067485		黄皓辰0524
179		65.5427		70.0784		0.00067297		黄皓辰0524
180		65.5486		57.3949		0.00067109		黄皓辰0524
181		48.1780		57.3949		0.00066921		黄皓辰0524
182		70.0462		57.3949		0.00066733		黄皓辰0524
183		54.6570		57.3949		0.00066544		黄皓辰0524
184		57.4089		57.3949		0.00066356		黄皓辰0524
185		65.0592		60.5844		0.00066168		黄皓辰0524
186		51.8720		60.5844		0.00065979		黄皓辰0524
187		56.0886		60.5844		0.00065791		黄皓辰0524
188		94.7755		60.5844		0.00065602		黄皓辰0524
189		64.7555		60.5844		0.00065413		黄皓辰0524
190		57.5785		41.3539		0.00065225		黄皓辰0524
191		41.7914		41.3539		0.00065036		黄皓辰0524
192		56.2362		41.3539		0.00064847		黄皓辰0524
193		59.7278		41.3539		0.00064658		黄皓辰0524
194		48.0695		41.3539		0.00064469		黄皓辰0524
195		43.1986		125.8388		0.00064280		黄皓辰0524
196		47.2360		125.8388		0.00064091		黄皓辰0524
197		38.8423		125.8388		0.00063902		黄皓辰0524
198		39.3124		125.8388		0.00063713		黄皓辰0524
199		35.0020		125.8388		0.00063523		黄皓辰0524
200		34.5037		25.1883		0.00063334		黄皓辰0524
201		32.1072		25.1883		0.00063145		黄皓辰0524
202		36.3106		25.1883		0.00062955		黄皓辰0524
203		35.3061		25.1883		0.00062766		黄皓辰0524
204		32.7664		25.1883		0.00062576		黄皓辰0524
205		37.5244		56.7383		0.00062386		黄皓辰0524
206		92.7031		56.7383		0.00062197		黄皓辰0524
207		37.2157		56.7383		0.00062007		黄皓辰0524
208		38.8837		56.7383		0.00061817		黄皓辰0524
209		31.0246		56.7383		0.00061627		黄皓辰0524
210		28.4412		18.5185		0.00061437		黄皓辰0524
211		19.7513		18.5185		0.00061247		黄皓辰0524
212		26.2445		18.5185		0.00061057		黄皓辰0524
213		23.8661		18.5185		0.00060867		黄皓辰0524
214		23.8135		18.5185		0.00060677		黄皓辰0524
215		25.8313		10.7272		0.00060486		黄皓辰0524
216		19.8521		10.7272		0.00060296		黄皓辰0524
217		25.1058		10.7272		0.00060105		黄皓辰0524
218		24.1895		10.7272		0.00059915		黄皓辰0524
219		57.2583		10.7272		0.00059724		黄皓辰0524
220		34.4773		23.6723		0.00059534		黄皓辰0524
221		33.4088		23.6723		0.00059343		黄皓辰0524
222		26.2283		23.6723		0.00059152		黄皓辰0524
223		26.6092		23.6723		0.00058961		黄皓辰0524
224		23.7270		23.6723		0.00058770		黄皓辰0524
225		13.9499		15.4962		0.00058579		黄皓辰0524
226		16.6032		15.4962		0.00058388		黄皓辰0524
227		25.5687		15.4962		0.00058197		黄皓辰0524
228		23.8785		15.4962		0.00058006		黄皓辰0524
229		30.8926		15.4962		0.00057815		黄皓辰0524
230		29.0830		16.5530		0.00057623		黄皓辰0524
231		22.8598		16.5530		0.00057432		黄皓辰0524
232		12.2399		16.5530		0.00057241		黄皓辰0524
233		20.6145		16.5530		0.00057049		黄皓辰0524
234		19.9293		16.5530		0.00056857		黄皓辰0524
235		35.0587		44.9588		0.00056666		黄皓辰0524
236		18.4808		44.9588		0.00056474		黄皓辰0524
237		13.8394		44.9588		0.00056282		黄皓辰0524
238		14.1714		44.9588		0.00056090		黄皓辰0524
239		28.1109		44.9588		0.00055898		黄皓辰0524
240		14.2755		13.0771		0.00055706		黄皓辰0524
241		13.8538		13.0771		0.00055514		黄皓辰0524
242		13.0893		13.0771		0.00055322		黄皓辰0524
243		25.2087		13.0771		0.00055130		黄皓辰0524
244		27.9649		13.0771		0.00054937		黄皓辰0524
245		23.5712		15.5213		0.00054745		黄皓辰0524
246		19.5836		15.5213		0.00054552		黄皓辰0524
247		13.7887		15.5213		0.00054360		黄皓辰0524
248		11.6476		15.5213		0.00054167		黄皓辰0524
249		11.2572		15.5213		0.00053974		黄皓辰0524
250		12.0946		27.5491		0.00053782		黄皓辰0524
251		17.9664		27.5491		0.00053589		黄皓辰0524
252		13.6330		27.5491		0.00053396		黄皓辰0524
253		8.3914		27.5491		0.00053203		黄皓辰0524
254		37.2546		27.5491		0.00053010		黄皓辰0524
255		23.0970		26.8690		0.00052816		黄皓辰0524
256		15.3505		26.8690		0.00052623		黄皓辰0524
257		14.7020		26.8690		0.00052430		黄皓辰0524
258		14.7472		26.8690		0.00052236		黄皓辰0524
259		14.6760		26.8690		0.00052043		黄皓辰0524
260		20.9327		20.0799		0.00051849		黄皓辰0524
261		10.6111		20.0799		0.00051656		黄皓辰0524
262		8.7548		20.0799		0.00051462		黄皓辰0524
263		18.0144		20.0799		0.00051268		黄皓辰0524
264		25.4967		20.0799		0.00051074		黄皓辰0524
265		19.2850		6.2819		0.00050880		黄皓辰0524
266		23.8074		6.2819		0.00050686		黄皓辰0524
267		13.4916		6.2819		0.00050492		黄皓辰0524
268		6.3662		6.2819		0.00050298		黄皓辰0524
269		5.6371		6.2819		0.00050103		黄皓辰0524
270		10.2787		3.8102		0.00049909		黄皓辰0524
271		9.9579		3.8102		0.00049714		黄皓辰0524
272		14.2579		3.8102		0.00049520		黄皓辰0524
273		21.3879		3.8102		0.00049325		黄皓辰0524
274		11.1874		3.8102		0.00049130		黄皓辰0524
275		7.9176		7.9517		0.00048936		黄皓辰0524
276		7.4879		7.9517		0.00048741		黄皓辰0524
277		13.8359		7.9517		0.00048546		黄皓辰0524
278		7.5875		7.9517		0.00048351		黄皓辰0524
279		13.1450		7.9517		0.00048155		黄皓辰0524
280		24.3193		43.8114		0.00047960		黄皓辰0524
281		18.8005		43.8114		0.00047765		黄皓辰0524
282		18.5837		43.8114		0.00047569		黄皓辰0524
283		12.8435		43.8114		0.00047374		黄皓辰0524
284		16.7637		43.8114		0.00047178		黄皓辰0524
285		9.6230		14.4290		0.00046982		黄皓辰0524
286		8.8658		14.4290		0.00046787		黄皓辰0524
287		6.8754		14.4290		0.00046591		黄皓辰0524
288		6.0388		14.4290		0.00046395		黄皓辰0524
289		4.5071		14.4290		0.00046199		黄皓辰0524
290		8.6819		7.1460		0.00046002		黄皓辰0524
291		8.6800		7.1460		0.00045806		黄皓辰0524
292		11.9727		7.1460		0.00045610		黄皓辰0524
293		11.6339		7.1460		0.00045413		黄皓辰0524
294		8.8149		7.1460		0.00045217		黄皓辰0524
295		7.1482		4.6242		0.00045020		黄皓辰0524
296		7.7839		4.6242		0.00044823		黄皓辰0524
297		8.2854		4.6242		0.00044627		黄皓辰0524
298		9.8218		4.6242		0.00044430		黄皓辰0524
299		6.4410		4.6242		0.00044233		黄皓辰0524
300		9.3842		8.9314		0.00044036		黄皓辰0524
301		6.1585		8.9314		0.00043838		黄皓辰0524
302		15.9476		8.9314		0.00043641		黄皓辰0524
303		9.8271		8.9314		0.00043444		黄皓辰0524
304		5.7644		8.9314		0.00043246		黄皓辰0524
305		6.2131		5.0265		0.00043048		黄皓辰0524
306		5.0848		5.0265		0.00042851		黄皓辰0524
307		16.4740		5.0265		0.00042653		黄皓辰0524
308		21.0283		5.0265		0.00042455		黄皓辰0524
309		13.4786		5.0265		0.00042257		黄皓辰0524
310		8.1862		6.8564		0.00042059		黄皓辰0524
311		9.4876		6.8564		0.00041861		黄皓辰0524
312		4.2111		6.8564		0.00041662		黄皓辰0524
313		11.2490		6.8564		0.00041464		黄皓辰0524
314		6.8669		6.8564		0.00041265		黄皓辰0524
315		6.9806		5.4005		0.00041067		黄皓辰0524
316		5.9972		5.4005		0.00040868		黄皓辰0524
317		5.0972		5.4005		0.00040669		黄皓辰0524
318		4.1942		5.4005		0.00040470		黄皓辰0524
319		3.6883		5.4005		0.00040271		黄皓辰0524
320		8.1462		4.8842		0.00040072		黄皓辰0524
321		5.4574		4.8842		0.00039872		黄皓辰0524
322		6.0142		4.8842		0.00039673		黄皓辰0524
323		7.1960		4.8842		0.00039473		黄皓辰0524
324		7.2835		4.8842		0.00039274		黄皓辰0524
325		6.3411		6.0826		0.00039074		黄皓辰0524
326		10.8981		6.0826		0.00038874		黄皓辰0524
327		8.7748		6.0826		0.00038674		黄皓辰0524
328		5.7207		6.0826		0.00038474		黄皓辰0524
329		3.7623		6.0826		0.00038274		黄皓辰0524
330		6.7581		7.8709		0.00038074		黄皓辰0524
331		9.3220		7.8709		0.00037873		黄皓辰0524
332		7.6534		7.8709		0.00037673		黄皓辰0524
333		11.9571		7.8709		0.00037472		黄皓辰0524
334		17.0084		7.8709		0.00037271		黄皓辰0524
335		10.4105		18.0721		0.00037070		黄皓辰0524
336		3.8827		18.0721		0.00036869		黄皓辰0524
337		4.4997		18.0721		0.00036668		黄皓辰0524
338		7.9987		18.0721		0.00036467		黄皓辰0524
339		5.2268		18.0721		0.00036265		黄皓辰0524
340		5.5242		8.6839		0.00036064		黄皓辰0524
341		4.7328		8.6839		0.00035862		黄皓辰0524
342		4.3203		8.6839		0.00035660		黄皓辰0524
343		4.8407		8.6839		0.00035458		黄皓辰0524
344		4.3461		8.6839		0.00035256		黄皓辰0524
345		5.8080		4.4529		0.00035054		黄皓辰0524
346		3.8827		4.4529		0.00034852		黄皓辰0524
347		5.4386		4.4529		0.00034649		黄皓辰0524
348		9.6096		4.4529		0.00034447		黄皓辰0524
349		5.7427		4.4529		0.00034244		黄皓辰0524
350		7.4277		18.9767		0.00034041		黄皓辰0524
351		5.3484		18.9767		0.00033838		黄皓辰0524
352		4.7680		18.9767		0.00033635		黄皓辰0524
353		4.2748		18.9767		0.00033432		黄皓辰0524
354		4.6990		18.9767		0.00033229		黄皓辰0524
355		3.7109		21.6500		0.00033025		黄皓辰0524
356		11.5470		21.6500		0.00032821		黄皓辰0524
357		4.6177		21.6500		0.00032618		黄皓辰0524
358		6.8297		21.6500		0.00032414		黄皓辰0524
359		5.0082		21.6500		0.00032210		黄皓辰0524
360		4.0986		3.1876		0.00032005		黄皓辰0524
361		3.6499		3.1876		0.00031801		黄皓辰0524
362		3.2155		3.1876		0.00031597		黄皓辰0524
363		2.2234		3.1876		0.00031392		黄皓辰0524
364		2.8748		3.1876		0.00031187		黄皓辰0524
365		6.8979		7.8934		0.00030982		黄皓辰0524
366		5.0273		7.8934		0.00030777		黄皓辰0524
367		6.7435		7.8934		0.00030572		黄皓辰0524
368		6.1382		7.8934		0.00030366		黄皓辰0524
369		4.2123		7.8934		0.00030161		黄皓辰0524
370		5.2610		7.0134		0.00029955		黄皓辰0524
371		3.3611		7.0134		0.00029749		黄皓辰0524
372		3.7202		7.0134		0.00029543		黄皓辰0524
373		4.2247		7.0134		0.00029337		黄皓辰0524
374		3.4581		7.0134		0.00029131		黄皓辰0524
375		2.8650		3.5423		0.00028924		黄皓辰0524
376		3.9435		3.5423		0.00028717		黄皓辰0524
377		7.6685		3.5423		0.00028511		黄皓辰0524
378		3.2192		3.5423		0.00028304		黄皓辰0524
379		4.9268		3.5423		0.00028096		黄皓辰0524
380		5.4834		3.0499		0.00027889		黄皓辰0524
381		3.9868		3.0499		0.00027682		黄皓辰0524
382		4.4466		3.0499		0.00027474		黄皓辰0524
383		1.9457		3.0499		0.00027266		黄皓辰0524
384		3.4968		3.0499		0.00027058		黄皓辰0524
385		2.4124		1.5048		0.00026850		黄皓辰0524
386		3.6224		1.5048		0.00026641		黄皓辰0524
387		2.5039		1.5048		0.00026433		黄皓辰0524
388		3.7079		1.5048		0.00026224		黄皓辰0524
389		1.8948		1.5048		0.00026015		黄皓辰0524
390		2.2817		2.0241		0.00025806		黄皓辰0524
391		2.3153		2.0241		0.00025596		黄皓辰0524
392		2.3736		2.0241		0.00025387		黄皓辰0524
393		3.1464		2.0241		0.00025177		黄皓辰0524
394		2.3471		2.0241		0.00024967		黄皓辰0524
395		2.8573		3.4184		0.00024757		黄皓辰0524
396		3.2541		3.4184		0.00024547		黄皓辰0524
397		1.8173		3.4184		0.00024336		黄皓辰0524
398		3.5703		3.4184		0.00024126		黄皓辰0524
399		4.5145		3.4184		0.00023915		黄皓辰0524
400		4.3342		2.9621		0.00023704		黄皓辰0524
401		3.2937		2.9621		0.00023492		黄皓辰0524
402		2.1950		2.9621		0.00023281		黄皓辰0524
403		2.9657		2.9621		0.00023069		黄皓辰0524
404		2.3971		2.9621		0.00022857		黄皓辰0524
405		1.6963		4.9392		0.00022645		黄皓辰0524
406		2.5231		4.9392		0.00022433		黄皓辰0524
407		1.7181		4.9392		0.00022220		黄皓辰0524
408		1.5857		4.9392		0.00022007		黄皓辰0524
409		1.2632		4.9392		0.00021794		黄皓辰0524
410		2.2430		4.9608		0.00021581		黄皓辰0524
411		3.0318		4.9608		0.00021367		黄皓辰0524
412		2.5839		4.9608		0.00021153		黄皓辰0524
413		2.4061		4.9608		0.00020939		黄皓辰0524
414		1.7157		4.9608		0.00020725		黄皓辰0524
415		2.2932		4.0189		0.00020510		黄皓辰0524
416		2.7606		4.0189		0.00020296		黄皓辰0524
417		2.6481		4.0189		0.00020081		黄皓辰0524
418		2.8304		4.0189		0.00019865		黄皓辰0524
419		1.6404		4.0189		0.00019650		黄皓辰0524
420		1.6302		3.1530		0.00019434		黄皓辰0524
421		1.9945		3.1530		0.00019218		黄皓辰0524
422		1.8005		3.1530		0.00019002		黄皓辰0524
423		1.8528		3.1530		0.00018785		黄皓辰0524
424		1.6335		3.1530		0.00018568		黄皓辰0524
425		1.7822		2.4710		0.00018351		黄皓辰0524
426		1.5357		2.4710		0.00018134		黄皓辰0524
427		1.8502		2.4710		0.00017916		黄皓辰0524
428		2.6800		2.4710		0.00017698		黄皓辰0524
429		9.6031		2.4710		0.00017479		黄皓辰0524
430		1.9888		2.8683		0.00017261		黄皓辰0524
431		1.4644		2.8683		0.00017042		黄皓辰0524
432		1.8741		2.8683		0.00016823		黄皓辰0524
433		1.7910		2.8683		0.00016603		黄皓辰0524
434		1.4925		2.8683		0.00016383		黄皓辰0524
435		1.2720		0.7398		0.00016163		黄皓辰0524
436		0.9687		0.7398		0.00015942		黄皓辰0524
437		0.9243		0.7398		0.00015721		黄皓辰0524
438		0.9182		0.7398		0.00015500		黄皓辰0524
439		0.7873		0.7398		0.00015278		黄皓辰0524
440		0.8721		3.4916		0.00015056		黄皓辰0524
441		0.7823		3.4916		0.00014834		黄皓辰0524
442		1.0151		3.4916		0.00014611		黄皓辰0524
443		0.9665		3.4916		0.00014388		黄皓辰0524
444		1.7140		3.4916		0.00014165		黄皓辰0524
445		1.0793		1.2553		0.00013941		黄皓辰0524
446		1.0786		1.2553		0.00013717		黄皓辰0524
447		0.6975		1.2553		0.00013492		黄皓辰0524
448		0.4797		1.2553		0.00013267		黄皓辰0524
449		0.8502		1.2553		0.00013042		黄皓辰0524
450		0.8716		0.5627		0.00012816		黄皓辰0524
451		1.3302		0.5627		0.00012589		黄皓辰0524
452		1.4987		0.5627		0.00012362		黄皓辰0524
453		1.1205		0.5627		0.00012135		黄皓辰0524
454		0.5941		0.5627		0.00011907		黄皓辰0524
455		0.7426		1.2361		0.00011679		黄皓辰0524
456		0.9464		1.2361		0.00011450		黄皓辰0524
457		0.9307		1.2361		0.00011221		黄皓辰0524
458		0.5699		1.2361		0.00010991		黄皓辰0524
459		1.3581		1.2361		0.00010761		黄皓辰0524
460		0.9006		0.8058		0.00010530		黄皓辰0524
461		0.7150		0.8058		0.00010299		黄皓辰0524
462		1.0974		0.8058		0.00010067		黄皓辰0524
463		0.9172		0.8058		0.00009834		黄皓辰0524
464		0.8818		0.8058		0.00009601		黄皓辰0524
465		0.7628		0.5441		0.00009367		黄皓辰0524
466		0.5633		0.5441		0.00009132		黄皓辰0524
467		0.5196		0.5441		0.00008897		黄皓辰0524
468		0.5071		0.5441		0.00008661		黄皓辰0524
469		0.8197		0.5441		0.00008425		黄皓辰0524
470		0.6058		0.8634		0.00008188		黄皓辰0524
471		0.5956		0.8634		0.00007949		黄皓辰0524
472		0.3549		0.8634		0.00007711		黄皓辰0524
473		0.6953		0.8634		0.00007471		黄皓辰0524
474		0.6148		0.8634		0.00007230		黄皓辰0524
475		0.4341		0.9877		0.00006989		黄皓辰0524
476		0.4479		0.9877		0.00006746		黄皓辰0524
477		0.3197		0.9877		0.00006503		黄皓辰0524
478		0.2999		0.9877		0.00006259		黄皓辰0524
479		0.3227		0.9877		0.00006013		黄皓辰0524
480		0.4026		0.9581		0.00005767		黄皓辰0524
481		0.2733		0.9581		0.00005519		黄皓辰0524
482		0.2446		0.9581		0.00005270		黄皓辰0524
483		0.3354		0.9581		0.00005020		黄皓辰0524
484		0.2833		0.9581		0.00004768		黄皓辰0524
485		0.2754		0.4683		0.00004515		黄皓辰0524
486		0.2677		0.4683		0.00004260		黄皓辰0524
487		0.2949		0.4683		0.00004004		黄皓辰0524
488		0.1904		0.4683		0.00003745		黄皓辰0524
489		0.2264		0.4683		0.00003485		黄皓辰0524
490		0.2346		0.4535		0.00003222		黄皓辰0524
491		0.2094		0.4535		0.00002958		黄皓辰0524
492		0.1989		0.4535		0.00002690		黄皓辰0524
493		0.2007		0.4535		0.00002419		黄皓辰0524
494		0.1667		0.4535		0.00002145		黄皓辰0524
495		0.1545		0.4419		0.00001868		黄皓辰0524
496		0.1524		0.4419		0.00001585		黄皓辰0524
497		0.1558		0.4419		0.00001297		黄皓辰0524
498		0.1682		0.4419		0.00001001		黄皓辰0524
499		0.1290		0.4419		0.00000695		黄皓辰0524
500		0.1172		0.3636		0.00000372		黄皓辰0524